Binary Conversion Basics

Base 10 (0-9)


	 1 0 0 0    
	   1 0 0 
	     1 0
               1
 
Base 2 (1 or 0)     192.168.0.10
-Memorize up to 8 binary place values

	|128	|64	|32	|16	|8	|4	|2	|1
--------------------------------------------------------------------------
	|1	|0	|0	|0	|0	|0	|0	|0	= 128
	|1	|1	|0	|0	|0	|0	|0	|0	= 192
	|0	|0	|0	|0	|0	|0	|0	|1	= 0
	|1	|0	|1	|0	|1	|0	|0	|0	= 168
	|0	|0	|0	|0	|1	|0	|1	|0	= 10 
	|1	|1	|0	|1	|1	|1	|1	|1	= 223

Class A  1 - 127	0
Class B  128 - 191	10
Class C  192 - 223	110

